# Initial profiles
# zf thl qt u v tke
10.0 300.0 0.0 3.0 0.0 0.1
30.0 300.0 0.0 3.0 0.0 0.1
50.0 300.0 0.0 3.0 0.0 0.1
70.0 300.0 0.0 3.0 0.0 0.1
90.0 300.0 0.0 3.0 0.0 0.1
110.0 300.0 0.0 3.0 0.0 0.1
130.0 300.0 0.0 3.0 0.0 0.1
150.0 300.0 0.0 3.0 0.0 0.1
170.0 300.0 0.0 3.0 0.0 0.1
190.0 300.0 0.0 3.0 0.0 0.1
210.0 300.0 0.0 3.0 0.0 0.1
230.0 300.0 0.0 3.0 0.0 0.1
250.0 300.0 0.0 3.0 0.0 0.1
270.0 300.0 0.0 3.0 0.0 0.1
290.0 300.0 0.0 3.0 0.0 0.1
310.0 300.0 0.0 3.0 0.0 0.1
330.0 300.0 0.0 3.0 0.0 0.1
350.0 300.0 0.0 3.0 0.0 0.1
370.0 300.0 0.0 3.0 0.0 0.1
390.0 300.0 0.0 3.0 0.0 0.1
410.0 300.0 0.0 3.0 0.0 0.1
430.0 300.0 0.0 3.0 0.0 0.1
450.0 300.0 0.0 3.0 0.0 0.1
470.0 300.0 0.0 3.0 0.0 0.1
490.0 300.0 0.0 3.0 0.0 0.1
510.0 300.0 0.0 3.0 0.0 0.1
530.0 300.0 0.0 3.0 0.0 0.1
550.0 300.0 0.0 3.0 0.0 0.1
570.0 300.0 0.0 3.0 0.0 0.1
590.0 300.0 0.0 3.0 0.0 0.1
610.0 300.0 0.0 3.0 0.0 0.1
630.0 300.0 0.0 3.0 0.0 0.1
650.0 300.0 0.0 3.0 0.0 0.1
670.0 300.0 0.0 3.0 0.0 0.1
690.0 300.0 0.0 3.0 0.0 0.1
710.0 300.0 0.0 3.0 0.0 0.1
730.0 300.0 0.0 3.0 0.0 0.1
750.0 300.0 0.0 3.0 0.0 0.1
770.0 300.0 0.0 3.0 0.0 0.1
790.0 300.0 0.0 3.0 0.0 0.1
810.0 300.0 0.0 3.0 0.0 0.1
830.0 300.0 0.0 3.0 0.0 0.1
850.0 300.0 0.0 3.0 0.0 0.1
870.0 300.0 0.0 3.0 0.0 0.1
890.0 300.0 0.0 3.0 0.0 0.1
910.0 301.333333 0.0 3.0 0.0 0.1
930.0 302.666667 0.0 3.0 0.0 0.1
950.0 304.0 0.0 3.0 0.0 0.1
970.0 305.333333 0.0 3.0 0.0 0.1
990.0 306.666667 0.0 3.0 0.0 0.1
1010.0 308.0 0.0 3.0 0.0 0.1
1030.0 308.06 0.0 3.0 0.0 0.1
1050.0 308.12 0.0 3.0 0.0 0.1
1070.0 308.18 0.0 3.0 0.0 0.1
1090.0 308.24 0.0 3.0 0.0 0.1
1110.0 308.3 0.0 3.0 0.0 0.1
1130.0 308.36 0.0 3.0 0.0 0.1
1150.0 308.42 0.0 3.0 0.0 0.1
1170.0 308.48 0.0 3.0 0.0 0.1
1190.0 308.54 0.0 3.0 0.0 0.1
1210.0 308.6 0.0 3.0 0.0 0.1
1230.0 308.66 0.0 3.0 0.0 0.1
1250.0 308.72 0.0 3.0 0.0 0.1
1270.0 308.78 0.0 3.0 0.0 0.1
1290.0 308.84 0.0 3.0 0.0 0.1
1310.0 308.9 0.0 3.0 0.0 0.1
1330.0 308.96 0.0 3.0 0.0 0.1
1350.0 309.02 0.0 3.0 0.0 0.1
1370.0 309.08 0.0 3.0 0.0 0.1
1390.0 309.14 0.0 3.0 0.0 0.1
1410.0 309.2 0.0 3.0 0.0 0.1
1430.0 309.26 0.0 3.0 0.0 0.1
1450.0 309.32 0.0 3.0 0.0 0.1
1470.0 309.38 0.0 3.0 0.0 0.1
1490.0 309.44 0.0 3.0 0.0 0.1
1510.0 309.5 0.0 3.0 0.0 0.1
1530.0 309.56 0.0 3.0 0.0 0.1
1550.0 309.62 0.0 3.0 0.0 0.1
1570.0 309.68 0.0 3.0 0.0 0.1
1590.0 309.74 0.0 3.0 0.0 0.1
1610.0 309.8 0.0 3.0 0.0 0.1
1630.0 309.86 0.0 3.0 0.0 0.1
1650.0 309.92 0.0 3.0 0.0 0.1
1670.0 309.98 0.0 3.0 0.0 0.1
1690.0 310.04 0.0 3.0 0.0 0.1
1710.0 310.1 0.0 3.0 0.0 0.1
1730.0 310.16 0.0 3.0 0.0 0.1
1750.0 310.22 0.0 3.0 0.0 0.1
1770.0 310.28 0.0 3.0 0.0 0.1
1790.0 310.34 0.0 3.0 0.0 0.1
1810.0 310.4 0.0 3.0 0.0 0.1
1830.0 310.46 0.0 3.0 0.0 0.1
1850.0 310.52 0.0 3.0 0.0 0.1
1870.0 310.58 0.0 3.0 0.0 0.1
1890.0 310.64 0.0 3.0 0.0 0.1
1910.0 310.7 0.0 3.0 0.0 0.1
