 #baseprofiles
 #height rhobf
   10.0  0.11709620642112819E+01
   30.0  0.11688105409946508E+01
   50.0  0.11666620438508100E+01
   70.0  0.11645165698287554E+01
   90.0  0.11623741159791039E+01
  110.0  0.11602346793540825E+01
  130.0  0.11580982570074945E+01
  150.0  0.11559648459947773E+01
  170.0  0.11538344433729548E+01
  190.0  0.11517070462006547E+01
  210.0  0.11495826515381096E+01
  230.0  0.11474612564471554E+01
  250.0  0.11453428579912315E+01
  270.0  0.11432274532353799E+01
  290.0  0.11411150392462381E+01
  310.0  0.11390056130920552E+01
  330.0  0.11368991718426749E+01
  350.0  0.11347957125695467E+01
  370.0  0.11326952323457207E+01
  390.0  0.11305977282458433E+01
  410.0  0.11285031973461694E+01
  430.0  0.11264116367245556E+01
  450.0  0.11243230434604423E+01
  470.0  0.11222374146348990E+01
  490.0  0.11201547473305724E+01
  510.0  0.11180750386317138E+01
  530.0  0.11159982856241835E+01
  550.0  0.11139244853954273E+01
  570.0  0.11118536350345076E+01
  590.0  0.11097857316320743E+01
  610.0  0.11077207722803848E+01
  630.0  0.11056587540732739E+01
  650.0  0.11035996741062151E+01
  670.0  0.11015435294762388E+01
  690.0  0.10994903172820059E+01
  710.0  0.10974400346237481E+01
  730.0  0.10953926786033281E+01
  750.0  0.10933482463241755E+01
  770.0  0.10913067348913277E+01
  790.0  0.10892681414114345E+01
  810.0  0.10872324629927199E+01
  830.0  0.10851996967450241E+01
  850.0  0.10831698397797735E+01
  870.0  0.10811428892099941E+01
  890.0  0.10791188421503111E+01
  910.0  0.10770976957169429E+01
  930.0  0.10750794470277052E+01
  950.0  0.10730640932020061E+01
  970.0  0.10710516313608642E+01
  990.0  0.10690420586268785E+01
 1010.0  0.10670353721242476E+01
 1030.0  0.10650315689787697E+01
 1050.0  0.10630306463178281E+01
 1070.0  0.10610326012704183E+01
 1090.0  0.10590374309671151E+01
 1110.0  0.10570451325400974E+01
 1130.0  0.10550557031231309E+01
 1150.0  0.10530691398515815E+01
 1170.0  0.10510854398624125E+01
 1190.0  0.10491046002941675E+01
 1210.0  0.10471266182870016E+01
 1230.0  0.10451514909826496E+01
 1250.0  0.10431792155244457E+01
 1270.0  0.10412097890573211E+01
 1290.0  0.10392432087277892E+01
 1310.0  0.10372794716839622E+01
 1330.0  0.10353185750755534E+01
 1350.0  0.10333605160538555E+01
 1370.0  0.10314052917717607E+01
 1390.0  0.10294528993837477E+01
 1410.0  0.10275033360458981E+01
 1430.0  0.10255565989158748E+01
 1450.0  0.10236126851529339E+01
 1470.0  0.10216715919179302E+01
 1490.0  0.10197333163732971E+01
 1510.0  0.10177978556830731E+01
 1530.0  0.10158652070128746E+01
 1550.0  0.10139353675299261E+01
 1570.0  0.10120083344030206E+01
 1590.0  0.10100841048025593E+01
 1610.0  0.10081626759005251E+01
 1630.0  0.10062440448704892E+01
 1650.0  0.10043282088876226E+01
 1670.0  0.10024151651286746E+01
 1690.0  0.10005049107719892E+01
 1710.0  0.99859744299750097E+00
 1730.0  0.99669275898673404E+00
 1750.0  0.99479085592279703E+00
 1770.0  0.99289173099038597E+00
 1790.0  0.99099538137579091E+00
 1810.0  0.98910180426688976E+00
 1830.0  0.98721099685314784E+00
 1850.0  0.98532295632561651E+00
 1870.0  0.98343767987693920E+00
 1890.0  0.98155516470133419E+00
 1910.0  0.97967540799462682E+00
